siRNA,mRNA,沉默效率,突变位置
UCGAACUCGGUGUUGAUGGCG,CGCCAUCAACACCGAGUUCAAGA,未获取(正文图6柱状图，无数字表),2
UUAAACUCGGUGUUGAUGGCG,CGCCAUCAACACCGAGUUCAAGA,未获取(正文图6柱状图，无数字表),3
UUGAGCUCGGUGUUGAUGGCG,CGCCAUCAACACCGAGUUCAAGA,未获取(正文图6柱状图，无数字表),5
UUGAAUUCGGUGUUGAUGGCG,CGCCAUCAACACCGAGUUCAAGA,未获取(正文图6柱状图，无数字表),6
UUGAACCCGGUGUUGAUGGCG,CGCCAUCAACACCGAGUUCAAGA,未获取(正文图6柱状图，无数字表),7
